0.012245893478393555
0.006653785705566406
0.006916522979736328
0.0039691925048828125
0.007230997085571289
0.0082855224609375
0.007787466049194336
0.008092641830444336
0.006098747253417969
0.008458375930786133
0.007288217544555664
0.006486415863037109
0.007944107055664062
0.009763002395629883
0.006422758102416992
0.008087873458862305
0.009953975677490234
0.005372524261474609
0.012755870819091797
0.007607936859130859
0.05263662338256836
0.020150423049926758
0.01852250099182129
0.011185407638549805
0.0065920352935791016
0.008054018020629883
0.010350704193115234
0.0064618587493896484
0.006033897399902344
0.007067203521728516
0.008688926696777344
0.008498191833496094
0.006907224655151367
0.005639791488647461
0.004085540771484375
0.007455348968505859
0.006861209869384766
0.008785247802734375
0.007953643798828125
0.006392478942871094
0.007527351379394531
0.007655143737792969
0.00878453254699707
0.006761074066162109
0.005998849868774414
0.012006759643554688
0.006667613983154297
0.008620500564575195
0.008314847946166992
0.008016824722290039
0.00851583480834961
0.007132530212402344
0.00807952880859375
0.008231401443481445
0.008008718490600586
0.009618520736694336
0.004932880401611328
0.008164405822753906
0.009343147277832031
0.006802797317504883
0.008387088775634766
0.006041526794433594
0.007906913757324219
0.007982254028320312
0.0056154727935791016
0.009842872619628906
0.005823850631713867
0.00926351547241211
0.010048866271972656
0.0017633438110351562
0.008016586303710938
0.007935523986816406
0.0055844783782958984
0.008231163024902344
0.007517814636230469
0.008057594299316406
0.009561538696289062
0.010270833969116211
0.009595394134521484
0.008709907531738281
0.005886554718017578
0.007594585418701172
0.008167743682861328
0.010415077209472656
0.009063482284545898
0.005822420120239258
0.04989504814147949
0.04156947135925293
0.007674694061279297
0.006320953369140625
0.009758234024047852
0.006871700286865234
0.008368492126464844
0.007626771926879883
0.006674766540527344
0.012367963790893555
0.00525665283203125
0.00774383544921875
0.006200551986694336
0.007416963577270508
